[gd_scene load_steps=4 format=3 uid="uid://cufrraw834gc1"]

[ext_resource type="Script" path="res://Objects/Move_selector.gd" id="1_d3lt8"]
[ext_resource type="Texture2D" uid="uid://0hoge71aem47" path="res://Sprites/UI/BattleIcons.png" id="1_pnefa"]

[sub_resource type="Curve3D" id="Curve3D_rf2ef"]
_data = {
"points": PackedVector3Array(0, 0, 0, -0.625, 0, 0, -0.008, -0.612, 0, 0, 0, 0, -0.145, 0, 0, -0.697758, 0.00622206, 0, -0.445, 0, 0, 0.465, 0, 0, -0.00799978, 0.624871, 0, 0.035, 0, 0, 0.22, 0, 0, 0.616, 0.004, 0, 0.24, 0, 0, 0.12, 0, 0, 0.61776, -0.00977751, 0, 0.44, 0, 0, 0, 0, 0, -0.013333, -0.612427, 0),
"tilts": PackedFloat32Array(0, 0, 0, 0, 0, 0)
}
point_count = 6

[node name="Selector" type="Node3D"]
transform = Transform3D(1, 0, 0, 0, 1, 0, 0, 0, 1, 0, 0, 0)
script = ExtResource("1_d3lt8")

[node name="Path3D" type="Path3D" parent="."]
transform = Transform3D(1, 0, 0, 0, -4.37114e-08, -1, 0, 1, -4.37114e-08, 0, 0, 0)
curve = SubResource("Curve3D_rf2ef")

[node name="PathFollow3D" type="PathFollow3D" parent="Path3D"]
transform = Transform3D(-4.37113e-08, 0, 0.999989, 0, 0.999989, 0, -0.999999, 0, -4.37109e-08, -0.008, -0.612, 0)
metadata/target_ratio = 0.0

[node name="Sprite3D" type="Sprite3D" parent="Path3D/PathFollow3D"]
transform = Transform3D(1, -3.9968e-15, 0, -5.32907e-15, 1, 0, 0, 1.49012e-08, 1, 0, 0, 0)
billboard = 1
texture_filter = 0
texture = ExtResource("1_pnefa")
hframes = 4

[node name="PathFollow3D2" type="PathFollow3D" parent="Path3D"]
transform = Transform3D(-7.48319e-08, 0.793897, -0.60805, -9.18131e-08, -0.60805, -0.793897, -1, -3.58188e-09, 1.18392e-07, -0.617072, 0.263224, 0)
progress = 1.306
metadata/target_ratio = 0.0

[node name="Sprite3D2" type="Sprite3D" parent="Path3D/PathFollow3D2"]
transform = Transform3D(-4.37113e-08, 0, 0.999995, 0.999999, -4.37112e-08, 4.37112e-08, 4.37113e-08, 0.999996, 1.91068e-15, -0.00800003, 1.92512e-09, -0.0440418)
billboard = 1
texture_filter = 0
texture = ExtResource("1_pnefa")
hframes = 4
frame = 1

[node name="PathFollow3D3" type="PathFollow3D" parent="Path3D"]
transform = Transform3D(-2.7437e-08, -0.813843, -0.581085, -5.08e-08, -0.581085, 0.813843, -1, 5.18486e-08, -2.54e-08, 0.472973, 0.341317, 0)
progress = 2.61201
metadata/target_ratio = 0.0

[node name="Sprite3D3" type="Sprite3D" parent="Path3D/PathFollow3D3"]
transform = Transform3D(0.999999, 0, 0, 0, 0.999996, 0, 0, 0, 0.999995, 0, 0, 0)
billboard = 1
texture_filter = 0
texture = ExtResource("1_pnefa")
hframes = 4
frame = 2

[node name="PathFollow3D4" type="PathFollow3D" parent="Path3D"]
transform = Transform3D(-1.25778e-07, 0.779961, 0.625827, 2.98023e-08, 0.625827, -0.779961, -1, -7.94511e-08, -1.0196e-07, -0.692759, -0.0213187, 0)
progress = 0.989397
metadata/target_ratio = 0.0

[node name="Sprite3D3" type="Sprite3D" parent="Path3D/PathFollow3D4"]
transform = Transform3D(0.999999, 0, 0, 0, 0.999996, 0, 0, 0, 0.999995, 0, 0, 0)
billboard = 1
texture_filter = 0
texture = ExtResource("1_pnefa")
hframes = 4
frame = 3

[node name="Camera3D" type="Camera3D" parent="."]
transform = Transform3D(-1, 1.90707e-08, -8.53173e-08, 0, 0.975917, 0.218143, 8.74228e-08, 0.218143, -0.975917, 0, 1.126, -3.14552)
